The data below shows the number of steps/actions the agent required to reach 
the terminal state given the number of iterations the algorithm was run.
Iterations,1,2,3,4,5,6,7,8,9,10,11,12,13,14,15,16,17,18,19,20,21,22,23,24,25,26,27,28,29,30,31,32,33,34,35,36,37,38,39,40,41,42,43,44,45,46,47,48,49,50,51,52,53,54,55,56,57,58,59,60,61,62,63,64,65,66,67,68,69,70,71,72,73,74,75,76,77,78,79,80,81,82,83,84,85,86,87,88,89,90,91,92,93,94,95,96,97,98,99,100
Value Iteration,771,257,68,43,13,13,9,12,11,10,9,9,13,10,13,15,12,10,18,11,14,12,9,13,11,13,12,11,10,11,11,12,11,14,12,10,11,16,17,10,14,10,12,12,12,17,12,9,17,10,14,10,13,17,13,12,12,10,10,11,16,10,12,10,10,9,9,15,12,16,10,10,10,9,18,17,11,12,12,20,9,11,11,13,11,11,11,11,12,13,12,10,9,13,11,12,9,15,9,9
Policy Iteration,188,947,26,31,10,11,15,10,11,10,14,9,12,12,9,12,10,11,15,12,10,10,10,14,10,16,9,10,11,10,9,10,13,12,19,11,11,12,17,12,9,9,12,12,9,11,14,11,10,17,10,11,11,10,11,9,9,12,14,11,9,11,14,11,13,11,11,16,12,10,20,16,14,12,9,15,11,15,13,12,12,10,18,11,13,13,11,17,13,9,10,10,9,10,16,9,10,10,9,12
Q Learning,244,35,20,21,12,15,44,44,12,16,16,10,13,11,14,9,9,18,30,9,16,12,12,31,20,19,26,13,19,11,10,13,17,12,9,10,15,17,13,19,10,83,13,9,17,15,15,14,31,12,17,9,17,14,36,13,10,13,20,9,12,21,15,36,15,17,15,23,16,10,15,29,13,9,23,18,12,11,14,16,16,35,9,11,17,12,20,23,12,11,9,14,12,17,23,16,49,10,9,26

The data below shows the number of milliseconds the algorithm required to generate 
the optimal policy given the number of iterations the algorithm was run.
Iterations,1,2,3,4,5,6,7,8,9,10,11,12,13,14,15,16,17,18,19,20,21,22,23,24,25,26,27,28,29,30,31,32,33,34,35,36,37,38,39,40,41,42,43,44,45,46,47,48,49,50,51,52,53,54,55,56,57,58,59,60,61,62,63,64,65,66,67,68,69,70,71,72,73,74,75,76,77,78,79,80,81,82,83,84,85,86,87,88,89,90,91,92,93,94,95,96,97,98,99,100
Value Iteration,36,2,2,2,2,3,7,7,10,13,10,11,12,16,13,14,17,35,21,15,13,12,9,8,12,14,10,14,15,26,19,12,10,16,16,14,15,14,17,16,26,27,24,24,17,15,17,8,7,7,8,8,7,9,9,9,10,11,16,11,12,12,11,10,10,9,9,10,10,15,10,10,11,10,10,10,12,12,16,13,12,12,12,13,14,14,16,12,17,16,17,21,15,20,16,15,16,18,24,18
Policy Iteration,3,2,2,3,3,5,6,6,6,4,6,4,5,8,9,6,7,8,7,8,13,18,20,22,18,8,11,26,10,13,11,10,16,12,19,14,21,20,18,17,15,18,15,14,17,18,16,15,19,16,17,16,17,16,49,45,27,19,18,19,19,24,21,21,23,24,30,25,22,24,21,22,22,23,23,22,24,26,23,25,26,32,31,30,26,25,28,26,29,28,29,41,32,35,32,38,39,35,32,36
Q Learning,11,7,2,5,2,5,2,1,3,4,4,4,2,2,5,2,2,4,3,3,3,2,3,5,3,3,6,4,3,4,3,6,5,3,4,3,4,4,2,4,5,5,3,8,4,5,3,3,6,5,5,5,11,9,6,5,4,5,4,4,4,6,4,7,3,6,4,6,3,5,6,4,5,6,4,6,6,6,6,6,6,6,5,6,4,5,8,7,8,5,9,10,6,6,12,7,9,6,6,11

The data below shows the total reward gained for 
the optimal policy given the number of iterations the algorithm was run.
Iterations,1,2,3,4,5,6,7,8,9,10,11,12,13,14,15,16,17,18,19,20,21,22,23,24,25,26,27,28,29,30,31,32,33,34,35,36,37,38,39,40,41,42,43,44,45,46,47,48,49,50,51,52,53,54,55,56,57,58,59,60,61,62,63,64,65,66,67,68,69,70,71,72,73,74,75,76,77,78,79,80,81,82,83,84,85,86,87,88,89,90,91,92,93,94,95,96,97,98,99,100
Value Iteration Rewards,-669.0,-155.0,34.0,59.0,89.0,89.0,93.0,90.0,91.0,92.0,93.0,93.0,89.0,92.0,89.0,87.0,90.0,92.0,84.0,91.0,88.0,90.0,93.0,89.0,91.0,89.0,90.0,91.0,92.0,91.0,91.0,90.0,91.0,88.0,90.0,92.0,91.0,86.0,85.0,92.0,88.0,92.0,90.0,90.0,90.0,85.0,90.0,93.0,85.0,92.0,88.0,92.0,89.0,85.0,89.0,90.0,90.0,92.0,92.0,91.0,86.0,92.0,90.0,92.0,92.0,93.0,93.0,87.0,90.0,86.0,92.0,92.0,92.0,93.0,84.0,85.0,91.0,90.0,90.0,82.0,93.0,91.0,91.0,89.0,91.0,91.0,91.0,91.0,90.0,89.0,90.0,92.0,93.0,89.0,91.0,90.0,93.0,87.0,93.0,93.0
Policy Iteration Rewards,-86.0,-845.0,76.0,71.0,92.0,91.0,87.0,92.0,91.0,92.0,88.0,93.0,90.0,90.0,93.0,90.0,92.0,91.0,87.0,90.0,92.0,92.0,92.0,88.0,92.0,86.0,93.0,92.0,91.0,92.0,93.0,92.0,89.0,90.0,83.0,91.0,91.0,90.0,85.0,90.0,93.0,93.0,90.0,90.0,93.0,91.0,88.0,91.0,92.0,85.0,92.0,91.0,91.0,92.0,91.0,93.0,93.0,90.0,88.0,91.0,93.0,91.0,88.0,91.0,89.0,91.0,91.0,86.0,90.0,92.0,82.0,86.0,88.0,90.0,93.0,87.0,91.0,87.0,89.0,90.0,90.0,92.0,84.0,91.0,89.0,89.0,91.0,85.0,89.0,93.0,92.0,92.0,93.0,92.0,86.0,93.0,92.0,92.0,93.0,90.0
Q Learning Rewards,-142.0,67.0,82.0,81.0,90.0,87.0,58.0,58.0,90.0,86.0,86.0,92.0,89.0,91.0,88.0,93.0,93.0,84.0,72.0,93.0,86.0,90.0,90.0,71.0,82.0,83.0,76.0,89.0,83.0,91.0,92.0,89.0,85.0,90.0,93.0,92.0,87.0,85.0,89.0,83.0,92.0,19.0,89.0,93.0,85.0,87.0,87.0,88.0,71.0,90.0,85.0,93.0,85.0,88.0,66.0,89.0,92.0,89.0,82.0,93.0,90.0,81.0,87.0,66.0,87.0,85.0,87.0,79.0,86.0,92.0,87.0,73.0,89.0,93.0,79.0,84.0,90.0,91.0,88.0,86.0,86.0,67.0,93.0,91.0,85.0,90.0,82.0,79.0,90.0,91.0,93.0,88.0,90.0,85.0,79.0,86.0,53.0,92.0,93.0,76.0
